12
0.538098165983224	0.195672060357536	0.819855358316897
0.252930756892457	0.202344605513965	0.946088099934253
-0.0762308916851100 0.254102972283700	0.964168310322156
-0.399321559944296	0.199660779972148	0.894806048652203
-0.401497903608314	-0.0250936189755197 0.915516107823800
-0.563318792866966	0.0489842428579971	0.824786324786325
-0.253250990095482	0.177275693066837	0.951019066403682
0.0768408502005662	0.0512272334670441	0.995726495726496
0.0760968115339662	0.279021642291209	0.957264957264957
-0.203435419916515	0.152576564937386	0.967126890203813
-0.203435419916515	-0.152576564937386	0.967126890203813
0.328559948872230	0.0505476844418815	0.943129520052597